73.5871
1.8278
6.89371
5.02584
0.145047
1.52796
3.93185
1.56441
0.974054
1.92996
3.36183
0.265239
1.7788
5.36565
2.175
6.47467
6.76726
4.1848
4.43254
2.46807
2.75454
0.653551
1.42964
0.616129
2.42771
10.5435
0.098431
1.40489
3.20352
2.46771
1.19488
1.35067
0.768808
2.86939
1.57372
2.75993
0.495832
0.965032
0.250807
0.77171
3.60138
0.291051
2.11256
0.41335
0.946286
2.0923
7.55381
2.47595
4.82526
9.0298
4.41252
2.60718
2.15138
1.36605
0.749521
1.33211
3.4157
7.32733
1.27272
1.86343
0.207562
6.43462
6.14619
1.82687
2.48459
6.38486
1.8867
2.9751
3.28072
10.1363
3.26065
5.37689
2.29196
1.21793
0.24622
1.89198
1.99463
2.55449
0.911554
1.0416
4.10351
5.65468
1.0026
1.51524
1.49128
4.44134
0.119818
3.41285
0.241336
0.573892
3.05238
1.64124
1.86674
4.62567
1.62689
1.08946
6.90226
3.61061
2.07317
2.42492
2.34958
4.5422
0.527592
2.32364
0.928653
2.35027
2.0204
1.86659
0.412146
1.53155
2.85728
3.36219
2.71921
1.87529
1.905
1.12156
0.659599
2.23406
2.04796
2.36069
5.48816
4.71936
2.01063
2.9959
4.19097
2.01606
0.403681
1.77314
1.77296
3.97145
0.610122
0.306051
3.82476
0.170174
1.16323
5.68761
5.81883
3.1185
5.30173
3.02168
2.6531
3.4814
0.974023
0.36758
4.41038
0.494387
0.429694
1.90522
2.85065
0.281149
4.94129
1.33859
6.94603
0.695254
1.58785
1.40409
1.61313
0.863768
2.8441
1.34884
2.62277
3.0328
2.72914
0.450338
4.5199
1.84722
1.98561
4.76694
8.04572
1.66467
0.47362
1.77963
3.82563
1.0512
4.79042
1.61705
2.60916
2.0012
5.77527
2.39227
0.713658
3.01485
2.09772
0.866207
1.91488
3.46568
0.310526
1.8214
1.24138
6.00797
0.119475
11.4582
3.13036
0.14888
1.76916
1.3362
2.11558
1.54593
5.11802
2.31195
2.75266
1.87674
6.34314
8.52748
0.41671
0.495849
3.14065
2.09738
1.13761
0.556524
9.00135
2.32502
0.790369
3.05416
4.5106
1.38401
5.48013
1.70427
2.25651
5.60578
1.55524
5.20936
5.09583
1.31855
0.683725
4.89865
1.68452
5.27998
2.99633
0.337325
0.0322437
0.400943
0.205921
7.52975
6.45125
0.584369
1.38326
0.357907
1.18434
0.359728
2.79596
8.39905
0.488276
6.23081
3.81094
2.44302
6.29726
1.50874
1.79239
