0.218955
0.16367
0.242914
0.00367732
1.05271
2.36355
0.299487
11.3439
3.12509
1.84983
3.60177
0.176621
2.43846
0.520083
0.245084
0.600622
0.640342
2.56559
0.990871
1.44107
2.37041
0.258501
0.790764
3.10321
2.31816
0.953806
0.408425
2.6142
0.633845
0.280251
0.382343
0.237019
0.497297
0.542356
0.115799
1.39384
1.07983
0.875326
1.40433
3.47989
2.04973
1.25418
2.97323
3.87073
3.50803
1.26893
1.10033
2.1146
0.065771
5.36068
0.776048
2.24934
0.901394
1.4702
0.397011
0.960572
2.32533
3.19518
0.229608
0.33654
0.503026
2.08685
3.63161
0.998271
1.01782
0.668604
0.192544
2.82441
0.763621
0.703928
1.04597
1.96462
0.570289
0.691796
1.39268
0.227145
2.17278
0.160194
1.7702
0.579298
0.273356
3.93536
1.38103
0.464521
3.15669
2.99648
0.0824392
2.39117
0.0921616
0.102654
0.18522
2.46284
1.9986
0.605315
1.01349
1.19168
3.11085
1.1459
6.21419
0.0183085
0.499958
2.26814
1.48535
0.566504
1.54381
0.907042
0.479904
4.58127
1.05515
3.70836
0.463955
0.427116
4.13948
1.87128
0.63316
2.21051
0.957906
3.84259
0.0454274
1.21856
0.667949
0.260529
2.3113
0.15284
2.0683
0.672241
1.92092
1.70338
1.06212
0.0222067
1.28264
0.480952
1.1784
5.52527
3.77712
1.57405
1.53104
1.81091
2.07527
1.00612
0.471989
0.424267
2.57278
1.45878
4.55918
0.634464
1.25633
0.28903
1.93496
0.0433667
3.34686
0.993123
0.679879
3.76931
3.39323
3.31486
2.70773
0.350574
1.44294
4.31066
1.51346
1.42026
0.992447
1.59026
5.41487
2.1235
0.506269
1.63148
0.506401
0.192437
1.93605
0.286327
3.13628
1.11977
14.3228
0.890158
0.998735
1.00573
0.0306108
1.65378
6.41673
2.04859
0.875183
2.4114
2.81872
5.28882
2.92039
0.373439
0.583305
0.526826
0.539865
1.57507
4.08663
1.48595
5.64124
0.838947
1.33949
0.0101513
0.812991
2.49496
1.07127
2.42132
0.477541
0.662092
0.746446
0.233785
1.44427
0.355703
3.59544
2.20331
0.380689
1.02646
1.1923
0.0362752
0.0407875
4.54334
0.954315
0.323923
2.09943
0.0357835
4.6194
3.00987
1.36712
0.528443
0.624893
6.24794
0.676043
2.3496
0.344772
0.337096
1.10431
1.75097
2.11005
0.200284
1.972
7.97334
0.670952
3.79552
2.05853
1.97942
0.701383
2.66508
1.0624
2.05271
0.774208
1.12392
3.67148
6.91067
0.689379
